	RM-SU2211-EXTNEG1	RM-SU2211-EXTNEG2	RM-SU2211-PCRNEG
5a7b179b1b45f0fe2282f260bf073f60	61	79	0
06f825b512d903b9230e1a55d87359ee	0	84	0
c22b16cc6108c04f29fea3b6d4c81571	55	0	0
3ebe761bfb1238c87195d431f41bf976	45	0	0
e8386d3a307c208c4b9f0a756259cd6b	33	12	0
7ff346973a282aa55de296afdb5d74af	26	16	0
65d43491988bfe557da4d86a5ba25dae	18	21	0
caa187b77f27c28a11a913a519da60b9	30	0	0
a738568b261166a672bdd2c51055fff7	0	27	0
359770b93673e10df347f0b09b114ad6	21	0	0
ad2eae9e045450aac2ea20ffc2170dd9	0	21	0
9c190e263c6058544027bc229643bb29	0	19	0
ba2d728243c2c9154b9fb1f4dd992c79	18	0	0
eeab975976476facf88e0f4ccec95d94	17	0	0
1ea5d01f4c06c74f79d877ed156e3025	16	0	0
8ce12e88f6b59bb09494567f0d678092	16	0	0
d829bee4984f82ffc2453212157caf96	16	0	0
27bda8e899a506a11f4f5e7297628faa	16	0	0
827992b22906f7a8b7f7a87580b21cfa	16	0	0
b4289ab0a9a00034c1fbce477b2c4ded	4	11	0
2d51eee954d47bb2f71665bd2691bb94	0	14	0
2e42b6fcd1ef7fb1d69c8b67eec86347	0	14	0
820f6693f569e339f183638cd73a7fe6	0	13	0
394759b248718c545063580b8a541b3a	12	0	0
17bb71a2eb3abf51a7801c0c4cd17a6f	0	12	0
9ef3321ad20cadc72156cab66b72a316	0	12	0
50ceff44c6de0a89fff69967dc46267a	11	0	0
ad4cba5280fb47cbebea01e7031af61c	11	0	0
36bdece87e7773ea8d1356f21d5caa25	0	11	0
9da75f5b1741629f0a55613e852f75c8	10	0	0
86f1248ee4ea85afd8c5b67cc1b04d4c	10	0	0
347eadb9c31e728df4865beb3d73d74e	0	10	0
b4f85f42b79f61e876d8aa95d9101164	0	10	0
a4eac9fcad4c5f9555c01a06d10b6fc6	0	10	0
14bc8ca35e62b96fda59f4a916355ee5	9	0	0
b8a955c70329c471ac7ddc02fa97f1b0	9	0	0
271f64826d2d268977c89d4cda87c88e	9	0	0
ba22f4b1935e5ee33b0813b39dfd935f	5	0	4
c8e759fc345bc6f7c7b0b00cdb354612	0	9	0
380a71542a98c4bef2605836d705d81c	8	0	0
b6d16645619f084c15f25f496ee50de0	8	0	0
0abc4c52a842164a199da0a230959adc	8	0	0
d93ffa15c529756a7f3bff35e3010a5a	8	0	0
e55c9f7a5ad2e41ae2d1938e1f3cf697	8	0	0
4a5cf75f959f95005df0c73dc649cae2	8	0	0
e19d2ae3bb9663795ab3089680a3f9cc	8	0	0
950d89343b4e8dbcf83c136eff3f375b	8	0	0
dfa53258d6f4b7b2bc35d6647ec8091f	7	0	0
c475b7d0a0ea94c4fc5e7f2f4190de5b	7	0	0
e2eb2a43199c383a2f7faa150abe1885	7	0	0
cbfddf55d92128d12809b80e89125a05	0	7	0
b74bb412a90b927e38ed38f0a67f8903	0	7	0
029e311ef9c7769743cb368cc9ef502e	0	7	0
266d91f1d9c6aba91998856aab633e65	0	7	0
aba30509671b5a4a6bcffbd7f4d15ab9	0	7	0
53e1db05cfd415c4e1f1fa6709f97d6d	0	7	0
4a1e5e44473fcf41f308288148927289	0	7	0
0566ca6640136d187c1c782f31420f91	0	7	0
58924ebec1930ba7b55ceba5949844a5	6	0	0
d5c791e0edcb5e202fa608319a54f590	6	0	0
f4bc4282ed7c82c8c85d1e16b86127b8	6	0	0
ece38d13f701e98c22211f83847db5eb	6	0	0
cd9401a6bce4a63af516d06d2a843f9d	0	6	0
3a997b11e46624a8501ce7c9516ebe52	0	6	0
64ffeab1f4c9b4bcb7e26fedc2c08baa	0	6	0
a343246eb3374f25a8e40d630052ef53	0	6	0
5958fd2b7ec972907e061e8f4d0c49b8	0	6	0
b2574632cd105083065793a728d40c81	5	0	0
2f308e40b9381e7b2bd28f252f1e0da8	5	0	0
a03b531eef41f8fc10bf9d86d0d6028b	5	0	0
e9f3f4426ae90b551dc1f71829f711a4	5	0	0
34b01fa3238decec2ac8a8c93b9501cd	0	5	0
3cb05ddf7633bd4cce4b69282f55ba9f	0	5	0
f8d6744f884a36861cb5c270a57916ce	0	5	0
c16dfff46f8d13c7f009c49e8215c42e	0	5	0
5fa89b4a04ac6f1df8a7fbe6073bd619	0	5	0
960544abf31f30eae431e136c9b841f8	0	5	0
3691fb1512324a651b85187e4d22f673	0	0	5
c9dac1b01afbcbb851165547387c3f11	4	0	0
bbea07006e3402cf804daf409e4495f9	4	0	0
f8c997cbdf143112f8a2306b11c9c7fb	4	0	0
83d5279b646a1afcc9519afcdee2ff3a	4	0	0
8eeb0adacd8e00f367df14f519d88f02	4	0	0
f6d44eba28d8c38d75229f89f7248efb	4	0	0
8abb8b060815f2342769fd49c129edc4	4	0	0
2ce0cbbc8aa5cd85a0f34afc594f7567	4	0	0
18916ff01c5cc30f13e73cab657abe0e	4	0	0
c13bd7bfdd8c1b606de426eb1e034845	0	4	0
48e665141691a28bc90fb9f37cbc09c2	0	4	0
d2390b9625eab9f46ec5dfea576f14db	0	4	0
ed162f239f7757cb436d4527f9b3b892	0	4	0
5e4593fe26b3a6c07e6b07b357cf27b7	0	0	4
79180dae488fcda70d4c2f82281a362f	3	0	0
4748f3ec13135a133f9ab2d392e7cc3f	3	0	0
faf1161a160669ff6d2de4e960cc8509	3	0	0
5ab1148e03135b78da92518870d13ca0	3	0	0
091d1839ce8917d9b832aa079f40c85f	0	3	0
62abf2f36f731aae09d36dc01b40774b	0	3	0
984cd23bc75e58de8f578f27b1fa1e94	0	3	0
89a81874baa459516f7342183292baf8	0	3	0
d46e2205f0c6ecf67b51f83d111c509c	0	0	3
771b8ef0f560650967b861630d70c8fe	2	0	0
97662c31b68c8ddca3c23e895f15c63c	2	0	0
44f76bbeaa4ce5cbacbcff32014d837e	0	2	0
7e2e5969a8c68ea863bf3499d150bab2	0	2	0
e4d0937b69713698efbb066f6eb82bce	0	2	0
fb0be5cd2f269fecb0fd19ed6828f456	0	2	0
c110331433db16939a40889c176470cf	0	2	0
feb51ed6d2bb23fe1f3e02795153d752	0	2	0
53bdbdc17d92109f2a0de8f41c232540	0	2	0
c5bc4b37f8c3b243bb69e9c7e2360aa3	0	0	2
